-22.2068,-54.7618,-25.0503,-63.8609,-10.2941,-72.0588,-8.75,-70,-8.25,-66,-12.6667,-57.1667,-19.6667,-53.6667,-20.9416,-53.7338
8.25,-66,8.75,-70,-8.75,-70,-8.25,-66,-3,-61.5,3,-61.5
-4.78378,-52.6622,-12.6667,-57.1667,-8.25,-66,-3,-61.5,-3,-54
-19.6667,-53.6667,-12.6667,-57.1667,-4.78378,-52.6622,-5.27647,-47.7353,-10.7143,-44.7143
40.1386,-51.1584,40.4118,-51.4706,49.5882,-54.5294,56.7928,-36.518,55.6034,-36.0172,43.3571,-39.3571
8.25,-66,3,-61.5,3,-54,4.78378,-52.6622,12.6667,-57.1667
8.25,-66,8.75,-70,10.2941,-72.0588,25.0503,-63.8609,24.3992,-61.7773,14.4737,-56.2632,12.6667,-57.1667
3,-61.5,-3,-61.5,-3,-54,3,-54
4.78378,-52.6622,5.27647,-47.7353,10.7143,-44.7143,16.1429,-50.1429,14.4737,-56.2632,12.6667,-57.1667
22.4722,-47.6111,23.3438,-44.125,18.4149,-37.5532,11.1512,-42.093,10.7143,-44.7143,16.1429,-50.1429
31.6795,-36.7821,30.6562,-40.875,23.3438,-44.125,18.4149,-37.5532,18.822,-34.9068,25.178,-31.0932
24.3992,-61.7773,27.4725,-53.3257,22.4722,-47.6111,16.1429,-50.1429,14.4737,-56.2632
6.23684,-32.6579,5.9557,-36.0316,11.1512,-42.093,18.4149,-37.5532,18.822,-34.9068,12.178,-29.0932
43.3571,-39.3571,40.1386,-51.1584,37.8679,-50.4906,30.6562,-40.875,31.6795,-36.7821,37.9375,-33.9375
31.6795,-36.7821,37.9375,-33.9375,39.1493,-28.6866,34.2857,-22.6071,25.8333,-26.8333,25.178,-31.0932
22.4722,-47.6111,27.4725,-53.3257,37.8679,-50.4906,30.6562,-40.875,23.3438,-44.125
40.4118,-51.4706,34.8353,-65.4118,29.9717,-67.7278,25.0503,-63.8609,24.3992,-61.7773,27.4725,-53.3257,37.8679,-50.4906,40.1386,-51.1584
0,-44.4375,-5.27647,-47.7353,-4.78378,-52.6622,-3,-54,3,-54,4.78378,-52.6622,5.27647,-47.7353
-5.27647,-47.7353,-10.7143,-44.7143,-11.1512,-42.093,-5.9557,-36.0316,8.88178e-16,-40.2857,0,-44.4375
0,-44.4375,8.88178e-16,-40.2857,5.9557,-36.0316,11.1512,-42.093,10.7143,-44.7143,5.27647,-47.7353
35.0027,-17.2297,44.4171,-13.6088,49.841,-19.5751,48.431,-26.1552,39.1493,-28.6866,34.2857,-22.6071
-31.6795,-36.7821,-37.9375,-33.9375,-39.1493,-28.6866,-34.2857,-22.6071,-25.8333,-26.8333,-25.178,-31.0932
-11.1512,-42.093,-10.7143,-44.7143,-19.6667,-53.6667,-20.9416,-53.7338,-23.3438,-44.125,-18.4149,-37.5532
-18.822,-34.9068,-18.4149,-37.5532,-23.3438,-44.125,-30.6562,-40.875,-31.6795,-36.7821,-25.178,-31.0932
-37.8679,-50.4906,-22.2068,-54.7618,-20.9416,-53.7338,-23.3438,-44.125,-30.6562,-40.875
5.9557,-36.0316,6.23684,-32.6579,0,-28.5,-6.23684,-32.6579,-5.9557,-36.0316,8.88178e-16,-40.2857
6.23684,-32.6579,0,-28.5,-1.77636e-15,-24.25,6.42857,-19.4286,12.7,-25.7,12.178,-29.0932
-6.23684,-32.6579,0,-28.5,-1.77636e-15,-24.25,-6.42857,-19.4286,-12.7,-25.7,-12.178,-29.0932
6.42857,-19.4286,6.74817,-15.2737,14.5,-11.0455,20.2669,-15.7638,19.9,-20.9,12.7,-25.7
-19.9,-20.9,-20.2669,-15.7638,-29.2657,-12.0143,-35.0027,-17.2297,-34.2857,-22.6071,-25.8333,-26.8333
-29.5846,-7.23077,-24,-0.250001,-14.5,-7.375,-14.5,-11.0455,-20.2669,-15.7638,-29.2657,-12.0143
8.88178e-16,7.0625,-8,0.0625014,-8,-0.0625,-6.16319e-07,-7.0625,8,-0.0625014,8,0.0625014
-8,0.0625014,-8,-0.0625,-14.5,-7.375,-24,-0.250001,-24,1,-15.0328,7.97446
14.9118,9.91176,7,15.45,-0,10.55,8.88178e-16,7.0625,8,0.0625014,15.0328,7.97446
-8,-0.0625,-6.16319e-07,-7.0625,-9.20661e-07,-10.55,-6.74817,-15.2737,-14.5,-11.0455,-14.5,-7.375
-35.0027,-17.2297,-44.4171,-13.6088,-49.841,-19.5751,-48.431,-26.1552,-39.1493,-28.6866,-34.2857,-22.6071
-29.5846,-7.23077,-39.5,-1.72222,-45.4138,-8.2931,-44.4171,-13.6088,-35.0027,-17.2297,-29.2657,-12.0143
-46.1391,8.27515,-55,2.63636,-55,-3.50001,-45.4138,-8.2931,-39.5,-1.72222,-39.5,2.3
-62.0256,-9.35464,-55,-3.50001,-45.4138,-8.2931,-44.4171,-13.6088,-49.841,-19.5751,-61.2348,-16.9458
36.2174,22.913,37.1441,18.2797,30.3239,12.1415,21.7941,16.7941,21.2857,20.6071,26.303,26.8788
48.3955,33.6194,46.2023,34.2176,42.4933,32.7752,36.2174,22.913,37.1441,18.2797,45.7624,14.302,51.7097,19.2581
50,45,42.5,52,41.1694,50.5744,46.2023,34.2176,48.3955,33.6194,53.5,35.5
29.006,49.2229,41.1694,50.5744,46.2023,34.2176,42.4933,32.7752,31.1457,36.9016,28.2447,46.3298
31.1457,36.9016,42.4933,32.7752,36.2174,22.913,26.303,26.8788,25.8448,30.0862
-39.5,2.3,-39.5,-1.72222,-29.5846,-7.23077,-24,-0.250001,-24,1,-30.625,7.625
-37.1441,18.2797,-45.7624,14.302,-46.1391,8.27515,-39.5,2.3,-30.625,7.625,-30.3239,12.1415
-21.7941,16.7941,-30.3239,12.1415,-30.625,7.625,-24,1,-15.0328,7.97446,-14.9118,9.91176
-36.2174,22.913,-37.1441,18.2797,-30.3239,12.1415,-21.7941,16.7941,-21.2857,20.6071,-26.303,26.8788
21.7941,16.7941,14.9118,9.91176,7,15.45,7,19,12.8333,24.8333,21.2857,20.6071
18.1796,34.3447,12.178,29.0932,12.8333,24.8333,21.2857,20.6071,26.303,26.8788,25.8448,30.0862
6.23684,32.6579,5.88461,36.8846,11.875,42.875,17.7632,39.3421,18.1796,34.3447,12.178,29.0932
-8.88178e-16,28.5,6.23684,32.6579,5.88461,36.8846,-8.88178e-16,40.5625,-5.88461,36.8846,-6.23684,32.6579
-8.88178e-16,28.5,-8.88178e-16,24.25,-7,19,-12.8333,24.8333,-12.178,29.0932,-6.23684,32.6579
6.23684,32.6579,-8.88178e-16,28.5,-8.88178e-16,24.25,7,19,12.8333,24.8333,12.178,29.0932
-21.7941,16.7941,-14.9118,9.91176,-7,15.45,-7,19,-12.8333,24.8333,-21.2857,20.6071
7,15.45,-0,10.55,-7,15.45,-7,19,-8.88178e-16,24.25,7,19
31.1457,36.9016,28.2447,46.3298,17.7632,39.3421,18.1796,34.3447,25.8448,30.0862
21.7516,56.3452,23.6279,56.2558,29.006,49.2229,28.2447,46.3298,17.7632,39.3421,11.875,42.875,10.948,46.892
-25.75,30.75,-31.7,36.7,-28.7821,48.3718,-18.178,39.0932,-18.822,34.9068
-12.178,29.0932,-18.822,34.9068,-18.178,39.0932,-11.875,42.875,-5.88461,36.8846,-6.23684,32.6579
-25.75,30.75,-26.303,26.8788,-21.2857,20.6071,-12.8333,24.8333,-12.178,29.0932,-18.822,34.9068
-8.88178e-16,40.5625,-0,46.75,-5.84782,49.6739,-10.948,46.892,-11.875,42.875,-5.88461,36.8846
-31.7,36.7,-42.4933,32.7752,-36.2174,22.913,-26.303,26.8788,-25.75,30.75
4.81818,61,-4.81818,61,-5.84782,49.6739,-0,46.75,5.84782,49.6739
10.948,46.892,21.7516,56.3452,9.09316,64.135,4.81818,61,5.84782,49.6739
-10.948,46.892,-21.7516,56.3452,-9.09316,64.135,-4.81818,61,-5.84782,49.6739
-28.7821,48.3718,-29.006,49.2229,-23.6279,56.2558,-21.7516,56.3452,-10.948,46.892,-11.875,42.875,-18.178,39.0932
-31.7,36.7,-42.4933,32.7752,-46.2023,34.2176,-41.1694,50.5744,-29.006,49.2229,-28.7821,48.3718
-37.1441,18.2797,-45.7624,14.302,-51.7097,19.2581,-48.3955,33.6194,-46.2023,34.2176,-42.4933,32.7752,-36.2174,22.913
-50,45,-42.5,52,-41.1694,50.5744,-46.2023,34.2176,-48.3955,33.6194,-53.5,35.5
-19,67,-27,63,-23.6279,56.2558,-21.7516,56.3452,-9.09316,64.135,-9.5,68
-0,69,-0,69,-9.5,68,-9.09316,64.135,-4.81818,61,4.81818,61,9.09316,64.135,9.5,68
-35,59,-27,63,-23.6279,56.2558,-29.006,49.2229,-41.1694,50.5744,-42.5,52
-57,26,-53.5,35.5,-48.3955,33.6194,-51.7097,19.2581,-58.8871,17.8226
58.8871,17.8226,51.7097,19.2581,45.7624,14.302,46.1391,8.27515,55,2.63636,61.2176,7.72353
56.7928,-36.518,59.218,-36.3071,61.2348,-16.9458,49.841,-19.5751,48.431,-26.1552,55.6034,-36.0172
63,3.85764e-15,62.0256,-9.35463,55,-3.5,55,2.63636,61.2176,7.72353
57,26,53.5,35.5,48.3955,33.6194,51.7097,19.2581,58.8871,17.8226
49.841,-19.5751,61.2348,-16.9458,62.0256,-9.35463,55,-3.5,45.4138,-8.2931,44.4171,-13.6088
-21,-72,-29.9717,-67.7278,-25.0503,-63.8609,-10.2941,-72.0588,-10.5,-73.5
9.18485e-15,-75,-10.5,-73.5,-10.2941,-72.0588,-8.75,-70,8.75,-70,10.2941,-72.0588,10.5,-73.5
25.0503,-63.8609,29.9717,-67.7278,21,-72,10.5,-73.5,10.2941,-72.0588
-18.822,-34.9068,-12.178,-29.0932,-12.7,-25.7,-19.9,-20.9,-25.8333,-26.8333,-25.178,-31.0932
-43.3571,-39.3571,-40.1386,-51.1584,-37.8679,-50.4906,-30.6562,-40.875,-31.6795,-36.7821,-37.9375,-33.9375
-12.178,-29.0932,-6.23684,-32.6579,-5.9557,-36.0316,-11.1512,-42.093,-18.4149,-37.5532,-18.822,-34.9068
-40.4118,-51.4706,-34.8353,-65.4118,-29.9717,-67.7278,-25.0503,-63.8609,-22.2068,-54.7618,-37.8679,-50.4906,-40.1386,-51.1584
-42,-62,-34.8353,-65.4118,-40.4118,-51.4706,-49.5882,-54.5294,-50,-55
42,-62,34.8353,-65.4118,40.4118,-51.4706,49.5882,-54.5294,50,-55
-58,-48,-50,-55,-49.5882,-54.5294,-56.7928,-36.518,-59.218,-36.3071
56.7928,-36.518,59.218,-36.3071,58,-48,50,-55,49.5882,-54.5294
-48.431,-26.1552,-55.6034,-36.0172,-43.3571,-39.3571,-37.9375,-33.9375,-39.1493,-28.6866
18.822,-34.9068,25.178,-31.0932,25.8333,-26.8333,19.9,-20.9,12.7,-25.7,12.178,-29.0932
48.431,-26.1552,55.6034,-36.0172,43.3571,-39.3571,37.9375,-33.9375,39.1493,-28.6866
-6.42857,-19.4286,-6.74817,-15.2737,-14.5,-11.0455,-20.2669,-15.7638,-19.9,-20.9,-12.7,-25.7
30.625,7.625,24,1,24,-0.250001,29.5846,-7.23077,39.5,-1.72222,39.5,2.3
46.1391,8.27515,55,2.63636,55,-3.5,45.4138,-8.2931,39.5,-1.72222,39.5,2.3
46.1391,8.27515,45.7624,14.302,37.1441,18.2797,30.3239,12.1415,30.625,7.625,39.5,2.3
45.4138,-8.2931,44.4171,-13.6088,35.0027,-17.2297,29.2657,-12.0143,29.5846,-7.23077,39.5,-1.72222
14.5,-7.375,8,-0.0625014,8,0.0625014,15.0328,7.97446,24,1,24,-0.250001
15.0328,7.97446,14.9118,9.91176,21.7941,16.7941,30.3239,12.1415,30.625,7.625,24,1
14.5,-7.375,14.5,-11.0455,20.2669,-15.7638,29.2657,-12.0143,29.5846,-7.23077,24,-0.250001
-6.16319e-07,-7.0625,-9.20661e-07,-10.55,6.74817,-15.2737,14.5,-11.0455,14.5,-7.375,8,-0.0625014
34.2857,-22.6071,35.0027,-17.2297,29.2657,-12.0143,20.2669,-15.7638,19.9,-20.9,25.8333,-26.8333
-6.42857,-19.4286,-1.77636e-15,-24.25,6.42857,-19.4286,6.74817,-15.2737,-9.20661e-07,-10.55,-6.74817,-15.2737
-7,15.45,-0,10.55,8.88178e-16,7.0625,-8,0.0625014,-15.0328,7.97446,-14.9118,9.91176
10.948,46.892,11.875,42.875,5.88461,36.8846,-8.88178e-16,40.5625,-0,46.75,5.84782,49.6739
19,67,27,63,23.6279,56.2558,21.7516,56.3452,9.09316,64.135,9.5,68
35,59,27,63,23.6279,56.2558,29.006,49.2229,41.1694,50.5744,42.5,52
-61.2176,7.72353,-55,2.63636,-46.1391,8.27515,-45.7624,14.302,-51.7097,19.2581,-58.8871,17.8226
-62.0256,-9.35464,-55,-3.50001,-55,2.63636,-61.2176,7.72353,-63,6.43027e-10
-49.5882,-54.5294,-56.7928,-36.518,-55.6034,-36.0172,-43.3571,-39.3571,-40.1386,-51.1584,-40.4118,-51.4706
-56.7928,-36.518,-59.218,-36.3071,-61.2348,-16.9458,-49.841,-19.5751,-48.431,-26.1552,-55.6034,-36.0172